param Im:=	79;  #numero de clusters		
param Jm:=	4;   #numero de plantas		
param Km:=	12;  #numero de patrones		
param Tm:=	52;  #Numero de periodos		
param Dm:=	7;   #numero de días por semana		
param Rm:=	24;  #numero de pilas.  		
			
param F:=			
1	998868264
2	928934573
3	919241118
4	911168825;			
			
param A:			
	1	2	3	4:=	
1	4230	4323	4260	9212	
2	6548	6641	6004	10919	
3	6387	6480	5843	10836	
4	4425	4518	3881	8797	
5	4595	4688	4051	8844	
6	4196	4289	3652	8568	
7	3879	3972	3335	8250	
8	4706	4799	4162	9089	
9	4159	4252	3615	8531	
10	4534	4628	3991	8905	
11	4316	4409	3772	8687	
12	4060	4153	3516	8432	
13	3806	3899	3262	8174	
14	3879	3972	3335	8252	
15	3983	4077	3440	8355	
16	3889	3982	3345	8324	
17	3841	3934	3297	8212	
18	3834	3927	3290	8175	
19	4261	4354	3717	8635	
20	3731	3824	3187	8102	
21	3212	3305	3088	8003	
22	3661	3754	3537	8453	
23	3826	3920	3283	8197	
24	4232	4325	3688	8602	
25	3757	3850	3213	8128	
26	4478	4571	3934	8846	
27	3483	3576	2939	7897	
28	4923	5016	4380	9292	
29	3451	3544	3327	8243	
30	2997	3090	2873	7796	
31	3550	3644	3427	8243	
32	3429	3522	3305	8096	
33	3513	3606	3390	8147	
34	3348	3441	3224	7999	
35	3150	3244	3027	7798	
36	4047	4140	3924	8700	
37	3238	3331	3114	8049	
38	3245	3339	3122	7962	
39	3635	3728	3512	8427	
40	3422	3515	3298	8213	
41	3214	3307	3090	8006	
42	3242	3335	3119	8039	
43	3762	3855	3639	8554	
44	3079	3172	2956	7857	
45	3107	3200	2999	7473	
46	3274	3368	3310	7657	
47	3706	3799	3582	8498	
48	2848	2941	2725	7663	
49	3162	3256	3039	7956	
50	3745	3838	3622	8546	
51	3005	3098	2881	7783	
52	3260	3353	3322	7624	
53	3363	3457	3240	8155	
54	5203	5296	5080	9994	
55	2755	2848	2810	7122	
56	3594	3687	3471	8388	
57	2792	2885	2822	7162	
58	5359	5452	5235	10150	
59	3360	3453	3443	7727	
60	2603	2696	2753	6952	
61	3177	3270	3408	7504	
62	4362	4455	4560	8876	
63	4166	4259	4042	8959	
64	3412	3505	3675	7771	
65	3186	3279	2503	7546	
66	3531	3625	3906	7891	
67	3435	3529	3860	7781	
68	4974	5068	5216	9344	
69	3504	3597	2822	7867	
70	5128	5221	4342	9487	
71	3315	3409	3683	7685	
72	3005	3098	3373	7375	
73	3779	3872	4147	8149	
74	3840	3933	4010	8209	
75	4775	4869	4963	9145	
76	2803	2896	3171	7194	
77	7512	7605	6968	11884	
78	2901	2995	2778	7608	
79	4541	4634	3997	8919	;		
			
param B:	
	1	2	3	4	5	6	7	8	9	10	11	12	13	14	15	16	17	18	19	20	21	22	23	24	25	26	27	28	29	30	31	32	33	34	35	36	37	38	39	40	41	42	43	44	45	46	47	48	49	50	51	52	53	54	55	56	57	58	59	60	61	62	63	64	65	66	67	68	69	70	71	72	73	74	75	76	77	78	79 :=
1	4230	6548	6387	4425	4595	4196	3879	4706	4159	4534	4316	4060	3806	3879	3983	3889	3841	3834	4261	3731	3212	3661	3826	4232	3757	4478	3483	4923	3451	2997	3550	3429	3513	3348	3150	4047	3238	3245	3635	3422	3214	3242	3762	3079	3107	3274	3706	2848	3162	3745	3005	3260	3363	5203	2755	3594	2792	5359	3360	2603	3177	4362	4166	3412	3186	3531	3435	4974	3504	5128	3315	3005	3779	3840	4775	2803	7512	2901	4541
2	4323	6641	6480	4518	4688	4289	3972	4799	4252	4628	4409	4153	3899	3972	4077	3982	3934	3927	4354	3824	3305	3754	3920	4325	3850	4571	3576	5016	3544	3090	3644	3522	3606	3441	3244	4140	3331	3339	3728	3515	3307	3335	3855	3172	3200	3368	3799	2941	3256	3838	3098	3353	3457	5296	2848	3687	2885	5452	3453	2696	3270	4455	4259	3505	3279	3625	3529	5068	3597	5221	3409	3098	3872	3933	4869	2896	7605	2995	4634
3	4260	6004	5843	3881	4051	3652	3335	4162	3615	3991	3772	3516	3262	3335	3440	3345	3297	3290	3717	3187	3088	3537	3283	3688	3213	3934	2939	4380	3327	2873	3427	3305	3390	3224	3027	3924	3114	3122	3512	3298	3090	3119	3639	2956	2999	3310	3582	2725	3039	3622	2881	3322	3240	5080	2810	3471	2822	5235	3443	2753	3408	4560	4042	3675	2503	3906	3860	5216	2822	4342	3683	3373	4147	4010	4963	3171	6968	2778	3997
4	9212	10919	10836	8797	8844	8568	8250	9089	8531	8905	8687	8432	8174	8252	8355	8324	8212	8175	8635	8102	8003	8453	8197	8602	8128	8846	7897	9292	8243	7796	8243	8096	8147	7999	7798	8700	8049	7962	8427	8213	8006	8039	8554	7857	7473	7657	8498	7663	7956	8546	7783	7624	8155	9994	7122	8388	7162	10150	7727	6952	7504	8876	8959	7771	7546	7891	7781	9344	7867	9487	7685	7375	8149	8209	9145	7194	11884	7608	8919

;			
			
param C:
	1	2	3	4	:=
1	50000	50000	50000	50000	
2	50000	50000	50000	50000	
3	50000	50000	50000	50000	
4	50000	50000	50000	50000	
5	50000	50000	50000	50000	
6	50000	50000	50000	50000	
7	50000	50000	50000	50000	
8	50000	50000	50000	50000	
9	50000	50000	50000	50000	
10	50000	50000	50000	50000	
11	50000	50000	50000	50000	
12	50000	50000	50000	50000	
13	50000	50000	50000	50000	
14	50000	50000	50000	50000	
15	50000	50000	50000	50000	
16	50000	50000	50000	50000	
17	50000	50000	50000	50000	
18	50000	50000	50000	50000	
19	50000	50000	50000	50000	
20	50000	50000	50000	50000	
21	50000	50000	50000	50000	
22	50000	50000	50000	50000	
23	50000	50000	50000	50000	
24	50000	50000	50000	50000	
;					

	
param G:=	21800000; #Camion 6	
param E:=	21800000; #Camion 6	
param q:=	3255;     #Camion 6	
param p:=			
1	137813
2	100000
3	103125
4	98438		
;			
			
param pc:			
	1	2	3	4	:=
1	5742	4167	4297	4102	
2	5742	4167	4297	4102	
3	5742	4167	4297	4102	
4	5742	4167	4297	4102	
5	5742	4167	4297	4102	
6	5742	4167	4297	4102	
7	5742	4167	4297	4102	
8	5742	4167	4297	4102	
9	5742	4167	4297	4102	
10	5742	4167	4297	4102	
11	5742	4167	4297	4102	
12	5742	4167	4297	4102	
13	5742	4167	4297	4102	
14	5742	4167	4297	4102	
15	5742	4167	4297	4102	
16	5742	4167	4297	4102	
17	5742	4167	4297	4102	
18	5742	4167	4297	4102	
19	5742	4167	4297	4102	
20	5742	4167	4297	4102	
21	5742	4167	4297	4102	
22	5742	4167	4297	4102	
23	5742	4167	4297	4102	
24	5742	4167	4297	4102	
;			
			
param W:=			
1	63
2	77
3	112
4	112
5	56
6	63
7	42
8	28
9	84
10	49
11	77
12	63
13	42
14	21
15	35
16	35
17	28
18	35
19	21
20	70
21	35
22	21
23	56
24	21
25	63
26	28
27	91
28	7
29	140
30	28
31	21
32	28
33	28
34	35
35	21
36	7
37	77
38	35
39	35
40	63
41	49
42	28
43	56
44	84
45	42
46	35
47	49
48	84
49	21
50	42
51	84
52	42
53	56
54	70
55	252
56	28
57	98
58	28
59	245
60	63
61	35
62	77
63	182
64	91
65	63
66	35
67	77
68	77
69	210
70	49
71	182
72	84
73	70
74	126
75	119
76	196
77	42
78	315
79	7
;		
;			
param m:=	24;		
			
param alpha:=	0.6;		
			
param beta:=	6;		
			
param gamma:=	6;		
			
param delta:=			
[1,*,*]:								
	1	2	3	4	5	6	7:=	
1	1	0	0	0	0	0	0	
2	0	1	0	0	0	0	0	
3	0	0	1	0	0	0	0	
4	0	0	0	1	0	0	0	
5	0	0	0	0	1	0	0	
6	0	0	0	0	0	1	0	
7	1	0	0	1	0	0	0	
8	0	1	0	0	1	0	0	
9	1	0	1	0	0	1	0	
10	1	0	1	0	1	0	0	
11	0	1	0	1	0	1	0	
12	1	1	1	1	1	1	0	
[2,*,*]:								
	1	2	3	4	5	6	7:=	
1	1	0	0	0	0	0	0	
2	0	1	0	0	0	0	0	
3	0	0	1	0	0	0	0	
4	0	0	0	1	0	0	0	
5	0	0	0	0	1	0	0	
6	0	0	0	0	0	1	0	
7	1	0	0	1	0	0	0	
8	0	1	0	0	1	0	0	
9	1	0	1	0	0	1	0	
10	1	0	1	0	1	0	0	
11	0	1	0	1	0	1	0	
12	1	1	1	1	1	1	0	
[3,*,*]:								
	1	2	3	4	5	6	7:=	
1	1	0	0	0	0	0	0	
2	0	1	0	0	0	0	0	
3	0	0	1	0	0	0	0	
4	0	0	0	1	0	0	0	
5	0	0	0	0	1	0	0	
6	0	0	0	0	0	1	0	
7	1	0	0	1	0	0	0	
8	0	1	0	0	1	0	0	
9	1	0	1	0	0	1	0	
10	1	0	1	0	1	0	0	
11	0	1	0	1	0	1	0	
12	1	1	1	1	1	1	0	
[4,*,*]:								
	1	2	3	4	5	6	7:=	
1	1	0	0	0	0	0	0	
2	0	1	0	0	0	0	0	
3	0	0	1	0	0	0	0	
4	0	0	0	1	0	0	0	
5	0	0	0	0	1	0	0	
6	0	0	0	0	0	1	0	
7	1	0	0	1	0	0	0	
8	0	1	0	0	1	0	0	
9	1	0	1	0	0	1	0	
10	1	0	1	0	1	0	0	
11	0	1	0	1	0	1	0	
12	1	1	1	1	1	1	0	
[5,*,*]:								
	1	2	3	4	5	6	7:=	
1	1	0	0	0	0	0	0	
2	0	1	0	0	0	0	0	
3	0	0	1	0	0	0	0	
4	0	0	0	1	0	0	0	
5	0	0	0	0	1	0	0	
6	0	0	0	0	0	1	0	
7	1	0	0	1	0	0	0	
8	0	1	0	0	1	0	0	
9	1	0	1	0	0	1	0	
10	1	0	1	0	1	0	0	
11	0	1	0	1	0	1	0	
12	1	1	1	1	1	1	0	
[6,*,*]:								
	1	2	3	4	5	6	7:=	
1	1	0	0	0	0	0	0	
2	0	1	0	0	0	0	0	
3	0	0	1	0	0	0	0	
4	0	0	0	1	0	0	0	
5	0	0	0	0	1	0	0	
6	0	0	0	0	0	1	0	
7	1	0	0	1	0	0	0	
8	0	1	0	0	1	0	0	
9	1	0	1	0	0	1	0	
10	1	0	1	0	1	0	0	
11	0	1	0	1	0	1	0	
12	1	1	1	1	1	1	0	
[7,*,*]:								
	1	2	3	4	5	6	7:=	
1	1	0	0	0	0	0	0	
2	0	1	0	0	0	0	0	
3	0	0	1	0	0	0	0	
4	0	0	0	1	0	0	0	
5	0	0	0	0	1	0	0	
6	0	0	0	0	0	1	0	
7	1	0	0	1	0	0	0	
8	0	1	0	0	1	0	0	
9	1	0	1	0	0	1	0	
10	1	0	1	0	1	0	0	
11	0	1	0	1	0	1	0	
12	1	1	1	1	1	1	0	
[8,*,*]:								
	1	2	3	4	5	6	7:=	
1	1	0	0	0	0	0	0	
2	0	1	0	0	0	0	0	
3	0	0	1	0	0	0	0	
4	0	0	0	1	0	0	0	
5	0	0	0	0	1	0	0	
6	0	0	0	0	0	1	0	
7	1	0	0	1	0	0	0	
8	0	1	0	0	1	0	0	
9	1	0	1	0	0	1	0	
10	1	0	1	0	1	0	0	
11	0	1	0	1	0	1	0	
12	1	1	1	1	1	1	0	
[9,*,*]:								
	1	2	3	4	5	6	7:=	
1	1	0	0	0	0	0	0	
2	0	1	0	0	0	0	0	
3	0	0	1	0	0	0	0	
4	0	0	0	1	0	0	0	
5	0	0	0	0	1	0	0	
6	0	0	0	0	0	1	0	
7	1	0	0	1	0	0	0	
8	0	1	0	0	1	0	0	
9	1	0	1	0	0	1	0	
10	1	0	1	0	1	0	0	
11	0	1	0	1	0	1	0	
12	1	1	1	1	1	1	0	
[10,*,*]:								
	1	2	3	4	5	6	7:=	
1	1	0	0	0	0	0	0	
2	0	1	0	0	0	0	0	
3	0	0	1	0	0	0	0	
4	0	0	0	1	0	0	0	
5	0	0	0	0	1	0	0	
6	0	0	0	0	0	1	0	
7	1	0	0	1	0	0	0	
8	0	1	0	0	1	0	0	
9	1	0	1	0	0	1	0	
10	1	0	1	0	1	0	0	
11	0	1	0	1	0	1	0	
12	1	1	1	1	1	1	0	
[11,*,*]:								
	1	2	3	4	5	6	7:=	
1	1	0	0	0	0	0	0	
2	0	1	0	0	0	0	0	
3	0	0	1	0	0	0	0	
4	0	0	0	1	0	0	0	
5	0	0	0	0	1	0	0	
6	0	0	0	0	0	1	0	
7	1	0	0	1	0	0	0	
8	0	1	0	0	1	0	0	
9	1	0	1	0	0	1	0	
10	1	0	1	0	1	0	0	
11	0	1	0	1	0	1	0	
12	1	1	1	1	1	1	0	
[12,*,*]:								
	1	2	3	4	5	6	7:=	
1	1	0	0	0	0	0	0	
2	0	1	0	0	0	0	0	
3	0	0	1	0	0	0	0	
4	0	0	0	1	0	0	0	
5	0	0	0	0	1	0	0	
6	0	0	0	0	0	1	0	
7	1	0	0	1	0	0	0	
8	0	1	0	0	1	0	0	
9	1	0	1	0	0	1	0	
10	1	0	1	0	1	0	0	
11	0	1	0	1	0	1	0	
12	1	1	1	1	1	1	0	
[13,*,*]:								
	1	2	3	4	5	6	7:=	
1	1	0	0	0	0	0	0	
2	0	1	0	0	0	0	0	
3	0	0	1	0	0	0	0	
4	0	0	0	1	0	0	0	
5	0	0	0	0	1	0	0	
6	0	0	0	0	0	1	0	
7	1	0	0	1	0	0	0	
8	0	1	0	0	1	0	0	
9	1	0	1	0	0	1	0	
10	1	0	1	0	1	0	0	
11	0	1	0	1	0	1	0	
12	1	1	1	1	1	1	0	
[14,*,*]:								
	1	2	3	4	5	6	7:=	
1	1	0	0	0	0	0	0	
2	0	1	0	0	0	0	0	
3	0	0	1	0	0	0	0	
4	0	0	0	1	0	0	0	
5	0	0	0	0	1	0	0	
6	0	0	0	0	0	1	0	
7	1	0	0	1	0	0	0	
8	0	1	0	0	1	0	0	
9	1	0	1	0	0	1	0	
10	1	0	1	0	1	0	0	
11	0	1	0	1	0	1	0	
12	1	1	1	1	1	1	0	
[15,*,*]:								
	1	2	3	4	5	6	7:=	
1	1	0	0	0	0	0	0	
2	0	1	0	0	0	0	0	
3	0	0	1	0	0	0	0	
4	0	0	0	1	0	0	0	
5	0	0	0	0	1	0	0	
6	0	0	0	0	0	1	0	
7	1	0	0	1	0	0	0	
8	0	1	0	0	1	0	0	
9	1	0	1	0	0	1	0	
10	1	0	1	0	1	0	0	
11	0	1	0	1	0	1	0	
12	1	1	1	1	1	1	0	
[16,*,*]:								
	1	2	3	4	5	6	7:=	
1	1	0	0	0	0	0	0	
2	0	1	0	0	0	0	0	
3	0	0	1	0	0	0	0	
4	0	0	0	1	0	0	0	
5	0	0	0	0	1	0	0	
6	0	0	0	0	0	1	0	
7	1	0	0	1	0	0	0	
8	0	1	0	0	1	0	0	
9	1	0	1	0	0	1	0	
10	1	0	1	0	1	0	0	
11	0	1	0	1	0	1	0	
12	1	1	1	1	1	1	0	
[17,*,*]:								
	1	2	3	4	5	6	7:=	
1	1	0	0	0	0	0	0	
2	0	1	0	0	0	0	0	
3	0	0	1	0	0	0	0	
4	0	0	0	1	0	0	0	
5	0	0	0	0	1	0	0	
6	0	0	0	0	0	1	0	
7	1	0	0	1	0	0	0	
8	0	1	0	0	1	0	0	
9	1	0	1	0	0	1	0	
10	1	0	1	0	1	0	0	
11	0	1	0	1	0	1	0	
12	1	1	1	1	1	1	0	
[18,*,*]:								
	1	2	3	4	5	6	7:=	
1	1	0	0	0	0	0	0	
2	0	1	0	0	0	0	0	
3	0	0	1	0	0	0	0	
4	0	0	0	1	0	0	0	
5	0	0	0	0	1	0	0	
6	0	0	0	0	0	1	0	
7	1	0	0	1	0	0	0	
8	0	1	0	0	1	0	0	
9	1	0	1	0	0	1	0	
10	1	0	1	0	1	0	0	
11	0	1	0	1	0	1	0	
12	1	1	1	1	1	1	0	
[19,*,*]:								
	1	2	3	4	5	6	7:=	
1	1	0	0	0	0	0	0	
2	0	1	0	0	0	0	0	
3	0	0	1	0	0	0	0	
4	0	0	0	1	0	0	0	
5	0	0	0	0	1	0	0	
6	0	0	0	0	0	1	0	
7	1	0	0	1	0	0	0	
8	0	1	0	0	1	0	0	
9	1	0	1	0	0	1	0	
10	1	0	1	0	1	0	0	
11	0	1	0	1	0	1	0	
12	1	1	1	1	1	1	0	
[20,*,*]:								
	1	2	3	4	5	6	7:=	
1	1	0	0	0	0	0	0	
2	0	1	0	0	0	0	0	
3	0	0	1	0	0	0	0	
4	0	0	0	1	0	0	0	
5	0	0	0	0	1	0	0	
6	0	0	0	0	0	1	0	
7	1	0	0	1	0	0	0	
8	0	1	0	0	1	0	0	
9	1	0	1	0	0	1	0	
10	1	0	1	0	1	0	0	
11	0	1	0	1	0	1	0	
12	1	1	1	1	1	1	0	
[21,*,*]:								
	1	2	3	4	5	6	7:=	
1	1	0	0	0	0	0	0	
2	0	1	0	0	0	0	0	
3	0	0	1	0	0	0	0	
4	0	0	0	1	0	0	0	
5	0	0	0	0	1	0	0	
6	0	0	0	0	0	1	0	
7	1	0	0	1	0	0	0	
8	0	1	0	0	1	0	0	
9	1	0	1	0	0	1	0	
10	1	0	1	0	1	0	0	
11	0	1	0	1	0	1	0	
12	1	1	1	1	1	1	0	
[22,*,*]:								
	1	2	3	4	5	6	7:=	
1	1	0	0	0	0	0	0	
2	0	1	0	0	0	0	0	
3	0	0	1	0	0	0	0	
4	0	0	0	1	0	0	0	
5	0	0	0	0	1	0	0	
6	0	0	0	0	0	1	0	
7	1	0	0	1	0	0	0	
8	0	1	0	0	1	0	0	
9	1	0	1	0	0	1	0	
10	1	0	1	0	1	0	0	
11	0	1	0	1	0	1	0	
12	1	1	1	1	1	1	0	
[23,*,*]:								
	1	2	3	4	5	6	7:=	
1	1	0	0	0	0	0	0	
2	0	1	0	0	0	0	0	
3	0	0	1	0	0	0	0	
4	0	0	0	1	0	0	0	
5	0	0	0	0	1	0	0	
6	0	0	0	0	0	1	0	
7	1	0	0	1	0	0	0	
8	0	1	0	0	1	0	0	
9	1	0	1	0	0	1	0	
10	1	0	1	0	1	0	0	
11	0	1	0	1	0	1	0	
12	1	1	1	1	1	1	0	
[24,*,*]:								
	1	2	3	4	5	6	7:=	
1	1	0	0	0	0	0	0	
2	0	1	0	0	0	0	0	
3	0	0	1	0	0	0	0	
4	0	0	0	1	0	0	0	
5	0	0	0	0	1	0	0	
6	0	0	0	0	0	1	0	
7	1	0	0	1	0	0	0	
8	0	1	0	0	1	0	0	
9	1	0	1	0	0	1	0	
10	1	0	1	0	1	0	0	
11	0	1	0	1	0	1	0	
12	1	1	1	1	1	1	0	
[25,*,*]:								
	1	2	3	4	5	6	7:=	
1	1	0	0	0	0	0	0	
2	0	1	0	0	0	0	0	
3	0	0	1	0	0	0	0	
4	0	0	0	1	0	0	0	
5	0	0	0	0	1	0	0	
6	0	0	0	0	0	1	0	
7	1	0	0	1	0	0	0	
8	0	1	0	0	1	0	0	
9	1	0	1	0	0	1	0	
10	1	0	1	0	1	0	0	
11	0	1	0	1	0	1	0	
12	1	1	1	1	1	1	0	
[26,*,*]:								
	1	2	3	4	5	6	7:=	
1	1	0	0	0	0	0	0	
2	0	1	0	0	0	0	0	
3	0	0	1	0	0	0	0	
4	0	0	0	1	0	0	0	
5	0	0	0	0	1	0	0	
6	0	0	0	0	0	1	0	
7	1	0	0	1	0	0	0	
8	0	1	0	0	1	0	0	
9	1	0	1	0	0	1	0	
10	1	0	1	0	1	0	0	
11	0	1	0	1	0	1	0	
12	1	1	1	1	1	1	0	
[27,*,*]:								
	1	2	3	4	5	6	7:=	
1	1	0	0	0	0	0	0	
2	0	1	0	0	0	0	0	
3	0	0	1	0	0	0	0	
4	0	0	0	1	0	0	0	
5	0	0	0	0	1	0	0	
6	0	0	0	0	0	1	0	
7	1	0	0	1	0	0	0	
8	0	1	0	0	1	0	0	
9	1	0	1	0	0	1	0	
10	1	0	1	0	1	0	0	
11	0	1	0	1	0	1	0	
12	1	1	1	1	1	1	0	
[28,*,*]:								
	1	2	3	4	5	6	7:=	
1	1	0	0	0	0	0	0	
2	0	1	0	0	0	0	0	
3	0	0	1	0	0	0	0	
4	0	0	0	1	0	0	0	
5	0	0	0	0	1	0	0	
6	0	0	0	0	0	1	0	
7	1	0	0	1	0	0	0	
8	0	1	0	0	1	0	0	
9	1	0	1	0	0	1	0	
10	1	0	1	0	1	0	0	
11	0	1	0	1	0	1	0	
12	1	1	1	1	1	1	0	
[29,*,*]:								
	1	2	3	4	5	6	7:=	
1	1	0	0	0	0	0	0	
2	0	1	0	0	0	0	0	
3	0	0	1	0	0	0	0	
4	0	0	0	1	0	0	0	
5	0	0	0	0	1	0	0	
6	0	0	0	0	0	1	0	
7	1	0	0	1	0	0	0	
8	0	1	0	0	1	0	0	
9	1	0	1	0	0	1	0	
10	1	0	1	0	1	0	0	
11	0	1	0	1	0	1	0	
12	1	1	1	1	1	1	0	
[30,*,*]:								
	1	2	3	4	5	6	7:=	
1	1	0	0	0	0	0	0	
2	0	1	0	0	0	0	0	
3	0	0	1	0	0	0	0	
4	0	0	0	1	0	0	0	
5	0	0	0	0	1	0	0	
6	0	0	0	0	0	1	0	
7	1	0	0	1	0	0	0	
8	0	1	0	0	1	0	0	
9	1	0	1	0	0	1	0	
10	1	0	1	0	1	0	0	
11	0	1	0	1	0	1	0	
12	1	1	1	1	1	1	0	
[31,*,*]:								
	1	2	3	4	5	6	7:=	
1	1	0	0	0	0	0	0	
2	0	1	0	0	0	0	0	
3	0	0	1	0	0	0	0	
4	0	0	0	1	0	0	0	
5	0	0	0	0	1	0	0	
6	0	0	0	0	0	1	0	
7	1	0	0	1	0	0	0	
8	0	1	0	0	1	0	0	
9	1	0	1	0	0	1	0	
10	1	0	1	0	1	0	0	
11	0	1	0	1	0	1	0	
12	1	1	1	1	1	1	0	
[32,*,*]:								
	1	2	3	4	5	6	7:=	
1	1	0	0	0	0	0	0	
2	0	1	0	0	0	0	0	
3	0	0	1	0	0	0	0	
4	0	0	0	1	0	0	0	
5	0	0	0	0	1	0	0	
6	0	0	0	0	0	1	0	
7	1	0	0	1	0	0	0	
8	0	1	0	0	1	0	0	
9	1	0	1	0	0	1	0	
10	1	0	1	0	1	0	0	
11	0	1	0	1	0	1	0	
12	1	1	1	1	1	1	0	
[33,*,*]:								
	1	2	3	4	5	6	7:=	
1	1	0	0	0	0	0	0	
2	0	1	0	0	0	0	0	
3	0	0	1	0	0	0	0	
4	0	0	0	1	0	0	0	
5	0	0	0	0	1	0	0	
6	0	0	0	0	0	1	0	
7	1	0	0	1	0	0	0	
8	0	1	0	0	1	0	0	
9	1	0	1	0	0	1	0	
10	1	0	1	0	1	0	0	
11	0	1	0	1	0	1	0	
12	1	1	1	1	1	1	0	
[34,*,*]:								
	1	2	3	4	5	6	7:=	
1	1	0	0	0	0	0	0	
2	0	1	0	0	0	0	0	
3	0	0	1	0	0	0	0	
4	0	0	0	1	0	0	0	
5	0	0	0	0	1	0	0	
6	0	0	0	0	0	1	0	
7	1	0	0	1	0	0	0	
8	0	1	0	0	1	0	0	
9	1	0	1	0	0	1	0	
10	1	0	1	0	1	0	0	
11	0	1	0	1	0	1	0	
12	1	1	1	1	1	1	0	
[35,*,*]:								
	1	2	3	4	5	6	7:=	
1	1	0	0	0	0	0	0	
2	0	1	0	0	0	0	0	
3	0	0	1	0	0	0	0	
4	0	0	0	1	0	0	0	
5	0	0	0	0	1	0	0	
6	0	0	0	0	0	1	0	
7	1	0	0	1	0	0	0	
8	0	1	0	0	1	0	0	
9	1	0	1	0	0	1	0	
10	1	0	1	0	1	0	0	
11	0	1	0	1	0	1	0	
12	1	1	1	1	1	1	0	
[36,*,*]:								
	1	2	3	4	5	6	7:=	
1	1	0	0	0	0	0	0	
2	0	1	0	0	0	0	0	
3	0	0	1	0	0	0	0	
4	0	0	0	1	0	0	0	
5	0	0	0	0	1	0	0	
6	0	0	0	0	0	1	0	
7	1	0	0	1	0	0	0	
8	0	1	0	0	1	0	0	
9	1	0	1	0	0	1	0	
10	1	0	1	0	1	0	0	
11	0	1	0	1	0	1	0	
12	1	1	1	1	1	1	0	
[37,*,*]:								
	1	2	3	4	5	6	7:=	
1	1	0	0	0	0	0	0	
2	0	1	0	0	0	0	0	
3	0	0	1	0	0	0	0	
4	0	0	0	1	0	0	0	
5	0	0	0	0	1	0	0	
6	0	0	0	0	0	1	0	
7	1	0	0	1	0	0	0	
8	0	1	0	0	1	0	0	
9	1	0	1	0	0	1	0	
10	1	0	1	0	1	0	0	
11	0	1	0	1	0	1	0	
12	1	1	1	1	1	1	0	
[38,*,*]:								
	1	2	3	4	5	6	7:=	
1	1	0	0	0	0	0	0	
2	0	1	0	0	0	0	0	
3	0	0	1	0	0	0	0	
4	0	0	0	1	0	0	0	
5	0	0	0	0	1	0	0	
6	0	0	0	0	0	1	0	
7	1	0	0	1	0	0	0	
8	0	1	0	0	1	0	0	
9	1	0	1	0	0	1	0	
10	1	0	1	0	1	0	0	
11	0	1	0	1	0	1	0	
12	1	1	1	1	1	1	0	
[39,*,*]:								
	1	2	3	4	5	6	7:=	
1	1	0	0	0	0	0	0	
2	0	1	0	0	0	0	0	
3	0	0	1	0	0	0	0	
4	0	0	0	1	0	0	0	
5	0	0	0	0	1	0	0	
6	0	0	0	0	0	1	0	
7	1	0	0	1	0	0	0	
8	0	1	0	0	1	0	0	
9	1	0	1	0	0	1	0	
10	1	0	1	0	1	0	0	
11	0	1	0	1	0	1	0	
12	1	1	1	1	1	1	0	
[40,*,*]:								
	1	2	3	4	5	6	7:=	
1	1	0	0	0	0	0	0	
2	0	1	0	0	0	0	0	
3	0	0	1	0	0	0	0	
4	0	0	0	1	0	0	0	
5	0	0	0	0	1	0	0	
6	0	0	0	0	0	1	0	
7	1	0	0	1	0	0	0	
8	0	1	0	0	1	0	0	
9	1	0	1	0	0	1	0	
10	1	0	1	0	1	0	0	
11	0	1	0	1	0	1	0	
12	1	1	1	1	1	1	0	
[41,*,*]:								
	1	2	3	4	5	6	7:=	
1	1	0	0	0	0	0	0	
2	0	1	0	0	0	0	0	
3	0	0	1	0	0	0	0	
4	0	0	0	1	0	0	0	
5	0	0	0	0	1	0	0	
6	0	0	0	0	0	1	0	
7	1	0	0	1	0	0	0	
8	0	1	0	0	1	0	0	
9	1	0	1	0	0	1	0	
10	1	0	1	0	1	0	0	
11	0	1	0	1	0	1	0	
12	1	1	1	1	1	1	0	
[42,*,*]:								
	1	2	3	4	5	6	7:=	
1	1	0	0	0	0	0	0	
2	0	1	0	0	0	0	0	
3	0	0	1	0	0	0	0	
4	0	0	0	1	0	0	0	
5	0	0	0	0	1	0	0	
6	0	0	0	0	0	1	0	
7	1	0	0	1	0	0	0	
8	0	1	0	0	1	0	0	
9	1	0	1	0	0	1	0	
10	1	0	1	0	1	0	0	
11	0	1	0	1	0	1	0	
12	1	1	1	1	1	1	0	
[43,*,*]:								
	1	2	3	4	5	6	7:=	
1	1	0	0	0	0	0	0	
2	0	1	0	0	0	0	0	
3	0	0	1	0	0	0	0	
4	0	0	0	1	0	0	0	
5	0	0	0	0	1	0	0	
6	0	0	0	0	0	1	0	
7	1	0	0	1	0	0	0	
8	0	1	0	0	1	0	0	
9	1	0	1	0	0	1	0	
10	1	0	1	0	1	0	0	
11	0	1	0	1	0	1	0	
12	1	1	1	1	1	1	0	
[44,*,*]:								
	1	2	3	4	5	6	7:=	
1	1	0	0	0	0	0	0	
2	0	1	0	0	0	0	0	
3	0	0	1	0	0	0	0	
4	0	0	0	1	0	0	0	
5	0	0	0	0	1	0	0	
6	0	0	0	0	0	1	0	
7	1	0	0	1	0	0	0	
8	0	1	0	0	1	0	0	
9	1	0	1	0	0	1	0	
10	1	0	1	0	1	0	0	
11	0	1	0	1	0	1	0	
12	1	1	1	1	1	1	0	
[45,*,*]:								
	1	2	3	4	5	6	7:=	
1	1	0	0	0	0	0	0	
2	0	1	0	0	0	0	0	
3	0	0	1	0	0	0	0	
4	0	0	0	1	0	0	0	
5	0	0	0	0	1	0	0	
6	0	0	0	0	0	1	0	
7	1	0	0	1	0	0	0	
8	0	1	0	0	1	0	0	
9	1	0	1	0	0	1	0	
10	1	0	1	0	1	0	0	
11	0	1	0	1	0	1	0	
12	1	1	1	1	1	1	0	
[46,*,*]:								
	1	2	3	4	5	6	7:=	
1	1	0	0	0	0	0	0	
2	0	1	0	0	0	0	0	
3	0	0	1	0	0	0	0	
4	0	0	0	1	0	0	0	
5	0	0	0	0	1	0	0	
6	0	0	0	0	0	1	0	
7	1	0	0	1	0	0	0	
8	0	1	0	0	1	0	0	
9	1	0	1	0	0	1	0	
10	1	0	1	0	1	0	0	
11	0	1	0	1	0	1	0	
12	1	1	1	1	1	1	0	
[47,*,*]:								
	1	2	3	4	5	6	7:=	
1	1	0	0	0	0	0	0	
2	0	1	0	0	0	0	0	
3	0	0	1	0	0	0	0	
4	0	0	0	1	0	0	0	
5	0	0	0	0	1	0	0	
6	0	0	0	0	0	1	0	
7	1	0	0	1	0	0	0	
8	0	1	0	0	1	0	0	
9	1	0	1	0	0	1	0	
10	1	0	1	0	1	0	0	
11	0	1	0	1	0	1	0	
12	1	1	1	1	1	1	0	
[48,*,*]:								
	1	2	3	4	5	6	7:=	
1	1	0	0	0	0	0	0	
2	0	1	0	0	0	0	0	
3	0	0	1	0	0	0	0	
4	0	0	0	1	0	0	0	
5	0	0	0	0	1	0	0	
6	0	0	0	0	0	1	0	
7	1	0	0	1	0	0	0	
8	0	1	0	0	1	0	0	
9	1	0	1	0	0	1	0	
10	1	0	1	0	1	0	0	
11	0	1	0	1	0	1	0	
12	1	1	1	1	1	1	0	
[49,*,*]:								
	1	2	3	4	5	6	7:=	
1	1	0	0	0	0	0	0	
2	0	1	0	0	0	0	0	
3	0	0	1	0	0	0	0	
4	0	0	0	1	0	0	0	
5	0	0	0	0	1	0	0	
6	0	0	0	0	0	1	0	
7	1	0	0	1	0	0	0	
8	0	1	0	0	1	0	0	
9	1	0	1	0	0	1	0	
10	1	0	1	0	1	0	0	
11	0	1	0	1	0	1	0	
12	1	1	1	1	1	1	0	
[50,*,*]:								
	1	2	3	4	5	6	7:=	
1	1	0	0	0	0	0	0	
2	0	1	0	0	0	0	0	
3	0	0	1	0	0	0	0	
4	0	0	0	1	0	0	0	
5	0	0	0	0	1	0	0	
6	0	0	0	0	0	1	0	
7	1	0	0	1	0	0	0	
8	0	1	0	0	1	0	0	
9	1	0	1	0	0	1	0	
10	1	0	1	0	1	0	0	
11	0	1	0	1	0	1	0	
12	1	1	1	1	1	1	0	
[51,*,*]:								
	1	2	3	4	5	6	7:=	
1	1	0	0	0	0	0	0	
2	0	1	0	0	0	0	0	
3	0	0	1	0	0	0	0	
4	0	0	0	1	0	0	0	
5	0	0	0	0	1	0	0	
6	0	0	0	0	0	1	0	
7	1	0	0	1	0	0	0	
8	0	1	0	0	1	0	0	
9	1	0	1	0	0	1	0	
10	1	0	1	0	1	0	0	
11	0	1	0	1	0	1	0	
12	1	1	1	1	1	1	0	
[52,*,*]:								
	1	2	3	4	5	6	7:=	
1	1	0	0	0	0	0	0	
2	0	1	0	0	0	0	0	
3	0	0	1	0	0	0	0	
4	0	0	0	1	0	0	0	
5	0	0	0	0	1	0	0	
6	0	0	0	0	0	1	0	
7	1	0	0	1	0	0	0	
8	0	1	0	0	1	0	0	
9	1	0	1	0	0	1	0	
10	1	0	1	0	1	0	0	
11	0	1	0	1	0	1	0	
12	1	1	1	1	1	1	0	
[53,*,*]:								
	1	2	3	4	5	6	7:=	
1	1	0	0	0	0	0	0	
2	0	1	0	0	0	0	0	
3	0	0	1	0	0	0	0	
4	0	0	0	1	0	0	0	
5	0	0	0	0	1	0	0	
6	0	0	0	0	0	1	0	
7	1	0	0	1	0	0	0	
8	0	1	0	0	1	0	0	
9	1	0	1	0	0	1	0	
10	1	0	1	0	1	0	0	
11	0	1	0	1	0	1	0	
12	1	1	1	1	1	1	0	
[54,*,*]:								
	1	2	3	4	5	6	7:=	
1	1	0	0	0	0	0	0	
2	0	1	0	0	0	0	0	
3	0	0	1	0	0	0	0	
4	0	0	0	1	0	0	0	
5	0	0	0	0	1	0	0	
6	0	0	0	0	0	1	0	
7	1	0	0	1	0	0	0	
8	0	1	0	0	1	0	0	
9	1	0	1	0	0	1	0	
10	1	0	1	0	1	0	0	
11	0	1	0	1	0	1	0	
12	1	1	1	1	1	1	0	
[55,*,*]:								
	1	2	3	4	5	6	7:=	
1	1	0	0	0	0	0	0	
2	0	1	0	0	0	0	0	
3	0	0	1	0	0	0	0	
4	0	0	0	1	0	0	0	
5	0	0	0	0	1	0	0	
6	0	0	0	0	0	1	0	
7	1	0	0	1	0	0	0	
8	0	1	0	0	1	0	0	
9	1	0	1	0	0	1	0	
10	1	0	1	0	1	0	0	
11	0	1	0	1	0	1	0	
12	1	1	1	1	1	1	0	
[56,*,*]:								
	1	2	3	4	5	6	7:=	
1	1	0	0	0	0	0	0	
2	0	1	0	0	0	0	0	
3	0	0	1	0	0	0	0	
4	0	0	0	1	0	0	0	
5	0	0	0	0	1	0	0	
6	0	0	0	0	0	1	0	
7	1	0	0	1	0	0	0	
8	0	1	0	0	1	0	0	
9	1	0	1	0	0	1	0	
10	1	0	1	0	1	0	0	
11	0	1	0	1	0	1	0	
12	1	1	1	1	1	1	0	
[57,*,*]:								
	1	2	3	4	5	6	7:=	
1	1	0	0	0	0	0	0	
2	0	1	0	0	0	0	0	
3	0	0	1	0	0	0	0	
4	0	0	0	1	0	0	0	
5	0	0	0	0	1	0	0	
6	0	0	0	0	0	1	0	
7	1	0	0	1	0	0	0	
8	0	1	0	0	1	0	0	
9	1	0	1	0	0	1	0	
10	1	0	1	0	1	0	0	
11	0	1	0	1	0	1	0	
12	1	1	1	1	1	1	0	
[58,*,*]:								
	1	2	3	4	5	6	7:=	
1	1	0	0	0	0	0	0	
2	0	1	0	0	0	0	0	
3	0	0	1	0	0	0	0	
4	0	0	0	1	0	0	0	
5	0	0	0	0	1	0	0	
6	0	0	0	0	0	1	0	
7	1	0	0	1	0	0	0	
8	0	1	0	0	1	0	0	
9	1	0	1	0	0	1	0	
10	1	0	1	0	1	0	0	
11	0	1	0	1	0	1	0	
12	1	1	1	1	1	1	0	
[59,*,*]:								
	1	2	3	4	5	6	7:=	
1	1	0	0	0	0	0	0	
2	0	1	0	0	0	0	0	
3	0	0	1	0	0	0	0	
4	0	0	0	1	0	0	0	
5	0	0	0	0	1	0	0	
6	0	0	0	0	0	1	0	
7	1	0	0	1	0	0	0	
8	0	1	0	0	1	0	0	
9	1	0	1	0	0	1	0	
10	1	0	1	0	1	0	0	
11	0	1	0	1	0	1	0	
12	1	1	1	1	1	1	0	
[60,*,*]:								
	1	2	3	4	5	6	7:=	
1	1	0	0	0	0	0	0	
2	0	1	0	0	0	0	0	
3	0	0	1	0	0	0	0	
4	0	0	0	1	0	0	0	
5	0	0	0	0	1	0	0	
6	0	0	0	0	0	1	0	
7	1	0	0	1	0	0	0	
8	0	1	0	0	1	0	0	
9	1	0	1	0	0	1	0	
10	1	0	1	0	1	0	0	
11	0	1	0	1	0	1	0	
12	1	1	1	1	1	1	0	
[61,*,*]:								
	1	2	3	4	5	6	7:=	
1	1	0	0	0	0	0	0	
2	0	1	0	0	0	0	0	
3	0	0	1	0	0	0	0	
4	0	0	0	1	0	0	0	
5	0	0	0	0	1	0	0	
6	0	0	0	0	0	1	0	
7	1	0	0	1	0	0	0	
8	0	1	0	0	1	0	0	
9	1	0	1	0	0	1	0	
10	1	0	1	0	1	0	0	
11	0	1	0	1	0	1	0	
12	1	1	1	1	1	1	0	
[62,*,*]:								
	1	2	3	4	5	6	7:=	
1	1	0	0	0	0	0	0	
2	0	1	0	0	0	0	0	
3	0	0	1	0	0	0	0	
4	0	0	0	1	0	0	0	
5	0	0	0	0	1	0	0	
6	0	0	0	0	0	1	0	
7	1	0	0	1	0	0	0	
8	0	1	0	0	1	0	0	
9	1	0	1	0	0	1	0	
10	1	0	1	0	1	0	0	
11	0	1	0	1	0	1	0	
12	1	1	1	1	1	1	0	
[63,*,*]:								
	1	2	3	4	5	6	7:=	
1	1	0	0	0	0	0	0	
2	0	1	0	0	0	0	0	
3	0	0	1	0	0	0	0	
4	0	0	0	1	0	0	0	
5	0	0	0	0	1	0	0	
6	0	0	0	0	0	1	0	
7	1	0	0	1	0	0	0	
8	0	1	0	0	1	0	0	
9	1	0	1	0	0	1	0	
10	1	0	1	0	1	0	0	
11	0	1	0	1	0	1	0	
12	1	1	1	1	1	1	0	
[64,*,*]:								
	1	2	3	4	5	6	7:=	
1	1	0	0	0	0	0	0	
2	0	1	0	0	0	0	0	
3	0	0	1	0	0	0	0	
4	0	0	0	1	0	0	0	
5	0	0	0	0	1	0	0	
6	0	0	0	0	0	1	0	
7	1	0	0	1	0	0	0	
8	0	1	0	0	1	0	0	
9	1	0	1	0	0	1	0	
10	1	0	1	0	1	0	0	
11	0	1	0	1	0	1	0	
12	1	1	1	1	1	1	0	
[65,*,*]:								
	1	2	3	4	5	6	7:=	
1	1	0	0	0	0	0	0	
2	0	1	0	0	0	0	0	
3	0	0	1	0	0	0	0	
4	0	0	0	1	0	0	0	
5	0	0	0	0	1	0	0	
6	0	0	0	0	0	1	0	
7	1	0	0	1	0	0	0	
8	0	1	0	0	1	0	0	
9	1	0	1	0	0	1	0	
10	1	0	1	0	1	0	0	
11	0	1	0	1	0	1	0	
12	1	1	1	1	1	1	0	
[66,*,*]:								
	1	2	3	4	5	6	7:=	
1	1	0	0	0	0	0	0	
2	0	1	0	0	0	0	0	
3	0	0	1	0	0	0	0	
4	0	0	0	1	0	0	0	
5	0	0	0	0	1	0	0	
6	0	0	0	0	0	1	0	
7	1	0	0	1	0	0	0	
8	0	1	0	0	1	0	0	
9	1	0	1	0	0	1	0	
10	1	0	1	0	1	0	0	
11	0	1	0	1	0	1	0	
12	1	1	1	1	1	1	0	
[67,*,*]:								
	1	2	3	4	5	6	7:=	
1	1	0	0	0	0	0	0	
2	0	1	0	0	0	0	0	
3	0	0	1	0	0	0	0	
4	0	0	0	1	0	0	0	
5	0	0	0	0	1	0	0	
6	0	0	0	0	0	1	0	
7	1	0	0	1	0	0	0	
8	0	1	0	0	1	0	0	
9	1	0	1	0	0	1	0	
10	1	0	1	0	1	0	0	
11	0	1	0	1	0	1	0	
12	1	1	1	1	1	1	0	
[68,*,*]:								
	1	2	3	4	5	6	7:=	
1	1	0	0	0	0	0	0	
2	0	1	0	0	0	0	0	
3	0	0	1	0	0	0	0	
4	0	0	0	1	0	0	0	
5	0	0	0	0	1	0	0	
6	0	0	0	0	0	1	0	
7	1	0	0	1	0	0	0	
8	0	1	0	0	1	0	0	
9	1	0	1	0	0	1	0	
10	1	0	1	0	1	0	0	
11	0	1	0	1	0	1	0	
12	1	1	1	1	1	1	0	
[69,*,*]:								
	1	2	3	4	5	6	7:=	
1	1	0	0	0	0	0	0	
2	0	1	0	0	0	0	0	
3	0	0	1	0	0	0	0	
4	0	0	0	1	0	0	0	
5	0	0	0	0	1	0	0	
6	0	0	0	0	0	1	0	
7	1	0	0	1	0	0	0	
8	0	1	0	0	1	0	0	
9	1	0	1	0	0	1	0	
10	1	0	1	0	1	0	0	
11	0	1	0	1	0	1	0	
12	1	1	1	1	1	1	0	
[70,*,*]:								
	1	2	3	4	5	6	7:=	
1	1	0	0	0	0	0	0	
2	0	1	0	0	0	0	0	
3	0	0	1	0	0	0	0	
4	0	0	0	1	0	0	0	
5	0	0	0	0	1	0	0	
6	0	0	0	0	0	1	0	
7	1	0	0	1	0	0	0	
8	0	1	0	0	1	0	0	
9	1	0	1	0	0	1	0	
10	1	0	1	0	1	0	0	
11	0	1	0	1	0	1	0	
12	1	1	1	1	1	1	0	
[71,*,*]:								
	1	2	3	4	5	6	7:=	
1	1	0	0	0	0	0	0	
2	0	1	0	0	0	0	0	
3	0	0	1	0	0	0	0	
4	0	0	0	1	0	0	0	
5	0	0	0	0	1	0	0	
6	0	0	0	0	0	1	0	
7	1	0	0	1	0	0	0	
8	0	1	0	0	1	0	0	
9	1	0	1	0	0	1	0	
10	1	0	1	0	1	0	0	
11	0	1	0	1	0	1	0	
12	1	1	1	1	1	1	0	
[72,*,*]:								
	1	2	3	4	5	6	7:=	
1	1	0	0	0	0	0	0	
2	0	1	0	0	0	0	0	
3	0	0	1	0	0	0	0	
4	0	0	0	1	0	0	0	
5	0	0	0	0	1	0	0	
6	0	0	0	0	0	1	0	
7	1	0	0	1	0	0	0	
8	0	1	0	0	1	0	0	
9	1	0	1	0	0	1	0	
10	1	0	1	0	1	0	0	
11	0	1	0	1	0	1	0	
12	1	1	1	1	1	1	0	
[73,*,*]:								
	1	2	3	4	5	6	7:=	
1	1	0	0	0	0	0	0	
2	0	1	0	0	0	0	0	
3	0	0	1	0	0	0	0	
4	0	0	0	1	0	0	0	
5	0	0	0	0	1	0	0	
6	0	0	0	0	0	1	0	
7	1	0	0	1	0	0	0	
8	0	1	0	0	1	0	0	
9	1	0	1	0	0	1	0	
10	1	0	1	0	1	0	0	
11	0	1	0	1	0	1	0	
12	1	1	1	1	1	1	0	
[74,*,*]:								
	1	2	3	4	5	6	7:=	
1	1	0	0	0	0	0	0	
2	0	1	0	0	0	0	0	
3	0	0	1	0	0	0	0	
4	0	0	0	1	0	0	0	
5	0	0	0	0	1	0	0	
6	0	0	0	0	0	1	0	
7	1	0	0	1	0	0	0	
8	0	1	0	0	1	0	0	
9	1	0	1	0	0	1	0	
10	1	0	1	0	1	0	0	
11	0	1	0	1	0	1	0	
12	1	1	1	1	1	1	0	
[75,*,*]:								
	1	2	3	4	5	6	7:=	
1	1	0	0	0	0	0	0	
2	0	1	0	0	0	0	0	
3	0	0	1	0	0	0	0	
4	0	0	0	1	0	0	0	
5	0	0	0	0	1	0	0	
6	0	0	0	0	0	1	0	
7	1	0	0	1	0	0	0	
8	0	1	0	0	1	0	0	
9	1	0	1	0	0	1	0	
10	1	0	1	0	1	0	0	
11	0	1	0	1	0	1	0	
12	1	1	1	1	1	1	0	
[76,*,*]:								
	1	2	3	4	5	6	7:=	
1	1	0	0	0	0	0	0	
2	0	1	0	0	0	0	0	
3	0	0	1	0	0	0	0	
4	0	0	0	1	0	0	0	
5	0	0	0	0	1	0	0	
6	0	0	0	0	0	1	0	
7	1	0	0	1	0	0	0	
8	0	1	0	0	1	0	0	
9	1	0	1	0	0	1	0	
10	1	0	1	0	1	0	0	
11	0	1	0	1	0	1	0	
12	1	1	1	1	1	1	0	
[77,*,*]:								
	1	2	3	4	5	6	7:=	
1	1	0	0	0	0	0	0	
2	0	1	0	0	0	0	0	
3	0	0	1	0	0	0	0	
4	0	0	0	1	0	0	0	
5	0	0	0	0	1	0	0	
6	0	0	0	0	0	1	0	
7	1	0	0	1	0	0	0	
8	0	1	0	0	1	0	0	
9	1	0	1	0	0	1	0	
10	1	0	1	0	1	0	0	
11	0	1	0	1	0	1	0	
12	1	1	1	1	1	1	0	
[78,*,*]:								
	1	2	3	4	5	6	7:=	
1	1	0	0	0	0	0	0	
2	0	1	0	0	0	0	0	
3	0	0	1	0	0	0	0	
4	0	0	0	1	0	0	0	
5	0	0	0	0	1	0	0	
6	0	0	0	0	0	1	0	
7	1	0	0	1	0	0	0	
8	0	1	0	0	1	0	0	
9	1	0	1	0	0	1	0	
10	1	0	1	0	1	0	0	
11	0	1	0	1	0	1	0	
12	1	1	1	1	1	1	0	
[79,*,*]:								
	1	2	3	4	5	6	7:=	
1	1	0	0	0	0	0	0	
2	0	1	0	0	0	0	0	
3	0	0	1	0	0	0	0	
4	0	0	0	1	0	0	0	
5	0	0	0	0	1	0	0	
6	0	0	0	0	0	1	0	
7	1	0	0	1	0	0	0	
8	0	1	0	0	1	0	0	
9	1	0	1	0	0	1	0	
10	1	0	1	0	1	0	0	
11	0	1	0	1	0	1	0	
12	1	1	1	1	1	1	0	;
